{
 "cells": [
  {
   "cell_type": "markdown",
   "metadata": {},
   "source": [
    "# Viz"
   ]
  },
  {
   "cell_type": "code",
   "execution_count": 2,
   "metadata": {},
   "outputs": [],
   "source": [
    "import os\n",
    "import sys\n",
    "\n",
    "root_dir = \"NYU_DL_Sys_Project\"\n",
    "cur_dir = os.getcwd().split(\"/\")[-1]\n",
    "while cur_dir != root_dir:\n",
    "    os.chdir(\"..\")\n",
    "    cur_dir = os.getcwd().split(\"/\")[-1]"
   ]
  },
  {
   "cell_type": "code",
   "execution_count": 5,
   "metadata": {},
   "outputs": [],
   "source": [
    "import torch\n",
    "from task_models.text_cls_model import TextCLSLightningModule"
   ]
  },
  {
   "cell_type": "code",
   "execution_count": 4,
   "metadata": {},
   "outputs": [],
   "source": [
    "ckpt_path = \"cached_models/active_learning/vinai/bertweet-covid19-base-cased_random_0/epoch=00-val/f1=0.20.ckpt\""
   ]
  },
  {
   "cell_type": "code",
   "execution_count": 7,
   "metadata": {},
   "outputs": [
    {
     "name": "stderr",
     "output_type": "stream",
     "text": [
      "Some weights of the model checkpoint at vinai/bertweet-covid19-base-cased were not used when initializing RobertaForSequenceClassification: ['lm_head.decoder.weight', 'roberta.pooler.dense.weight', 'lm_head.dense.bias', 'lm_head.decoder.bias', 'lm_head.layer_norm.bias', 'lm_head.dense.weight', 'roberta.pooler.dense.bias', 'lm_head.bias', 'lm_head.layer_norm.weight']\n",
      "- This IS expected if you are initializing RobertaForSequenceClassification from the checkpoint of a model trained on another task or with another architecture (e.g. initializing a BertForSequenceClassification model from a BertForPreTraining model).\n",
      "- This IS NOT expected if you are initializing RobertaForSequenceClassification from the checkpoint of a model that you expect to be exactly identical (initializing a BertForSequenceClassification model from a BertForSequenceClassification model).\n",
      "Some weights of RobertaForSequenceClassification were not initialized from the model checkpoint at vinai/bertweet-covid19-base-cased and are newly initialized: ['classifier.dense.weight', 'classifier.out_proj.bias', 'classifier.dense.bias', 'classifier.out_proj.weight']\n",
      "You should probably TRAIN this model on a down-stream task to be able to use it for predictions and inference.\n"
     ]
    }
   ],
   "source": [
    "from argparse import Namespace\n",
    "\n",
    "args = {\"backbone_name\": \"vinai/bertweet-covid19-base-cased\", \"num_labels\": 16, \"tokenizer_name\": \"roberta-base\", \"load_classifier\": None}\n",
    "args = Namespace(**args)\n",
    "model = TextCLSLightningModule.load_from_checkpoint(ckpt_path, args=args)"
   ]
  },
  {
   "cell_type": "code",
   "execution_count": 9,
   "metadata": {},
   "outputs": [
    {
     "data": {
      "text/plain": [
       "RobertaModel(\n",
       "  (embeddings): RobertaEmbeddings(\n",
       "    (word_embeddings): Embedding(64001, 768, padding_idx=1)\n",
       "    (position_embeddings): Embedding(130, 768, padding_idx=1)\n",
       "    (token_type_embeddings): Embedding(1, 768)\n",
       "    (LayerNorm): LayerNorm((768,), eps=1e-05, elementwise_affine=True)\n",
       "    (dropout): Dropout(p=0.1, inplace=False)\n",
       "  )\n",
       "  (encoder): RobertaEncoder(\n",
       "    (layer): ModuleList(\n",
       "      (0): RobertaLayer(\n",
       "        (attention): RobertaAttention(\n",
       "          (self): RobertaSelfAttention(\n",
       "            (query): Linear(in_features=768, out_features=768, bias=True)\n",
       "            (key): Linear(in_features=768, out_features=768, bias=True)\n",
       "            (value): Linear(in_features=768, out_features=768, bias=True)\n",
       "            (dropout): Dropout(p=0.1, inplace=False)\n",
       "          )\n",
       "          (output): RobertaSelfOutput(\n",
       "            (dense): Linear(in_features=768, out_features=768, bias=True)\n",
       "            (LayerNorm): LayerNorm((768,), eps=1e-05, elementwise_affine=True)\n",
       "            (dropout): Dropout(p=0.1, inplace=False)\n",
       "          )\n",
       "        )\n",
       "        (intermediate): RobertaIntermediate(\n",
       "          (dense): Linear(in_features=768, out_features=3072, bias=True)\n",
       "        )\n",
       "        (output): RobertaOutput(\n",
       "          (dense): Linear(in_features=3072, out_features=768, bias=True)\n",
       "          (LayerNorm): LayerNorm((768,), eps=1e-05, elementwise_affine=True)\n",
       "          (dropout): Dropout(p=0.1, inplace=False)\n",
       "        )\n",
       "      )\n",
       "      (1): RobertaLayer(\n",
       "        (attention): RobertaAttention(\n",
       "          (self): RobertaSelfAttention(\n",
       "            (query): Linear(in_features=768, out_features=768, bias=True)\n",
       "            (key): Linear(in_features=768, out_features=768, bias=True)\n",
       "            (value): Linear(in_features=768, out_features=768, bias=True)\n",
       "            (dropout): Dropout(p=0.1, inplace=False)\n",
       "          )\n",
       "          (output): RobertaSelfOutput(\n",
       "            (dense): Linear(in_features=768, out_features=768, bias=True)\n",
       "            (LayerNorm): LayerNorm((768,), eps=1e-05, elementwise_affine=True)\n",
       "            (dropout): Dropout(p=0.1, inplace=False)\n",
       "          )\n",
       "        )\n",
       "        (intermediate): RobertaIntermediate(\n",
       "          (dense): Linear(in_features=768, out_features=3072, bias=True)\n",
       "        )\n",
       "        (output): RobertaOutput(\n",
       "          (dense): Linear(in_features=3072, out_features=768, bias=True)\n",
       "          (LayerNorm): LayerNorm((768,), eps=1e-05, elementwise_affine=True)\n",
       "          (dropout): Dropout(p=0.1, inplace=False)\n",
       "        )\n",
       "      )\n",
       "      (2): RobertaLayer(\n",
       "        (attention): RobertaAttention(\n",
       "          (self): RobertaSelfAttention(\n",
       "            (query): Linear(in_features=768, out_features=768, bias=True)\n",
       "            (key): Linear(in_features=768, out_features=768, bias=True)\n",
       "            (value): Linear(in_features=768, out_features=768, bias=True)\n",
       "            (dropout): Dropout(p=0.1, inplace=False)\n",
       "          )\n",
       "          (output): RobertaSelfOutput(\n",
       "            (dense): Linear(in_features=768, out_features=768, bias=True)\n",
       "            (LayerNorm): LayerNorm((768,), eps=1e-05, elementwise_affine=True)\n",
       "            (dropout): Dropout(p=0.1, inplace=False)\n",
       "          )\n",
       "        )\n",
       "        (intermediate): RobertaIntermediate(\n",
       "          (dense): Linear(in_features=768, out_features=3072, bias=True)\n",
       "        )\n",
       "        (output): RobertaOutput(\n",
       "          (dense): Linear(in_features=3072, out_features=768, bias=True)\n",
       "          (LayerNorm): LayerNorm((768,), eps=1e-05, elementwise_affine=True)\n",
       "          (dropout): Dropout(p=0.1, inplace=False)\n",
       "        )\n",
       "      )\n",
       "      (3): RobertaLayer(\n",
       "        (attention): RobertaAttention(\n",
       "          (self): RobertaSelfAttention(\n",
       "            (query): Linear(in_features=768, out_features=768, bias=True)\n",
       "            (key): Linear(in_features=768, out_features=768, bias=True)\n",
       "            (value): Linear(in_features=768, out_features=768, bias=True)\n",
       "            (dropout): Dropout(p=0.1, inplace=False)\n",
       "          )\n",
       "          (output): RobertaSelfOutput(\n",
       "            (dense): Linear(in_features=768, out_features=768, bias=True)\n",
       "            (LayerNorm): LayerNorm((768,), eps=1e-05, elementwise_affine=True)\n",
       "            (dropout): Dropout(p=0.1, inplace=False)\n",
       "          )\n",
       "        )\n",
       "        (intermediate): RobertaIntermediate(\n",
       "          (dense): Linear(in_features=768, out_features=3072, bias=True)\n",
       "        )\n",
       "        (output): RobertaOutput(\n",
       "          (dense): Linear(in_features=3072, out_features=768, bias=True)\n",
       "          (LayerNorm): LayerNorm((768,), eps=1e-05, elementwise_affine=True)\n",
       "          (dropout): Dropout(p=0.1, inplace=False)\n",
       "        )\n",
       "      )\n",
       "      (4): RobertaLayer(\n",
       "        (attention): RobertaAttention(\n",
       "          (self): RobertaSelfAttention(\n",
       "            (query): Linear(in_features=768, out_features=768, bias=True)\n",
       "            (key): Linear(in_features=768, out_features=768, bias=True)\n",
       "            (value): Linear(in_features=768, out_features=768, bias=True)\n",
       "            (dropout): Dropout(p=0.1, inplace=False)\n",
       "          )\n",
       "          (output): RobertaSelfOutput(\n",
       "            (dense): Linear(in_features=768, out_features=768, bias=True)\n",
       "            (LayerNorm): LayerNorm((768,), eps=1e-05, elementwise_affine=True)\n",
       "            (dropout): Dropout(p=0.1, inplace=False)\n",
       "          )\n",
       "        )\n",
       "        (intermediate): RobertaIntermediate(\n",
       "          (dense): Linear(in_features=768, out_features=3072, bias=True)\n",
       "        )\n",
       "        (output): RobertaOutput(\n",
       "          (dense): Linear(in_features=3072, out_features=768, bias=True)\n",
       "          (LayerNorm): LayerNorm((768,), eps=1e-05, elementwise_affine=True)\n",
       "          (dropout): Dropout(p=0.1, inplace=False)\n",
       "        )\n",
       "      )\n",
       "      (5): RobertaLayer(\n",
       "        (attention): RobertaAttention(\n",
       "          (self): RobertaSelfAttention(\n",
       "            (query): Linear(in_features=768, out_features=768, bias=True)\n",
       "            (key): Linear(in_features=768, out_features=768, bias=True)\n",
       "            (value): Linear(in_features=768, out_features=768, bias=True)\n",
       "            (dropout): Dropout(p=0.1, inplace=False)\n",
       "          )\n",
       "          (output): RobertaSelfOutput(\n",
       "            (dense): Linear(in_features=768, out_features=768, bias=True)\n",
       "            (LayerNorm): LayerNorm((768,), eps=1e-05, elementwise_affine=True)\n",
       "            (dropout): Dropout(p=0.1, inplace=False)\n",
       "          )\n",
       "        )\n",
       "        (intermediate): RobertaIntermediate(\n",
       "          (dense): Linear(in_features=768, out_features=3072, bias=True)\n",
       "        )\n",
       "        (output): RobertaOutput(\n",
       "          (dense): Linear(in_features=3072, out_features=768, bias=True)\n",
       "          (LayerNorm): LayerNorm((768,), eps=1e-05, elementwise_affine=True)\n",
       "          (dropout): Dropout(p=0.1, inplace=False)\n",
       "        )\n",
       "      )\n",
       "      (6): RobertaLayer(\n",
       "        (attention): RobertaAttention(\n",
       "          (self): RobertaSelfAttention(\n",
       "            (query): Linear(in_features=768, out_features=768, bias=True)\n",
       "            (key): Linear(in_features=768, out_features=768, bias=True)\n",
       "            (value): Linear(in_features=768, out_features=768, bias=True)\n",
       "            (dropout): Dropout(p=0.1, inplace=False)\n",
       "          )\n",
       "          (output): RobertaSelfOutput(\n",
       "            (dense): Linear(in_features=768, out_features=768, bias=True)\n",
       "            (LayerNorm): LayerNorm((768,), eps=1e-05, elementwise_affine=True)\n",
       "            (dropout): Dropout(p=0.1, inplace=False)\n",
       "          )\n",
       "        )\n",
       "        (intermediate): RobertaIntermediate(\n",
       "          (dense): Linear(in_features=768, out_features=3072, bias=True)\n",
       "        )\n",
       "        (output): RobertaOutput(\n",
       "          (dense): Linear(in_features=3072, out_features=768, bias=True)\n",
       "          (LayerNorm): LayerNorm((768,), eps=1e-05, elementwise_affine=True)\n",
       "          (dropout): Dropout(p=0.1, inplace=False)\n",
       "        )\n",
       "      )\n",
       "      (7): RobertaLayer(\n",
       "        (attention): RobertaAttention(\n",
       "          (self): RobertaSelfAttention(\n",
       "            (query): Linear(in_features=768, out_features=768, bias=True)\n",
       "            (key): Linear(in_features=768, out_features=768, bias=True)\n",
       "            (value): Linear(in_features=768, out_features=768, bias=True)\n",
       "            (dropout): Dropout(p=0.1, inplace=False)\n",
       "          )\n",
       "          (output): RobertaSelfOutput(\n",
       "            (dense): Linear(in_features=768, out_features=768, bias=True)\n",
       "            (LayerNorm): LayerNorm((768,), eps=1e-05, elementwise_affine=True)\n",
       "            (dropout): Dropout(p=0.1, inplace=False)\n",
       "          )\n",
       "        )\n",
       "        (intermediate): RobertaIntermediate(\n",
       "          (dense): Linear(in_features=768, out_features=3072, bias=True)\n",
       "        )\n",
       "        (output): RobertaOutput(\n",
       "          (dense): Linear(in_features=3072, out_features=768, bias=True)\n",
       "          (LayerNorm): LayerNorm((768,), eps=1e-05, elementwise_affine=True)\n",
       "          (dropout): Dropout(p=0.1, inplace=False)\n",
       "        )\n",
       "      )\n",
       "      (8): RobertaLayer(\n",
       "        (attention): RobertaAttention(\n",
       "          (self): RobertaSelfAttention(\n",
       "            (query): Linear(in_features=768, out_features=768, bias=True)\n",
       "            (key): Linear(in_features=768, out_features=768, bias=True)\n",
       "            (value): Linear(in_features=768, out_features=768, bias=True)\n",
       "            (dropout): Dropout(p=0.1, inplace=False)\n",
       "          )\n",
       "          (output): RobertaSelfOutput(\n",
       "            (dense): Linear(in_features=768, out_features=768, bias=True)\n",
       "            (LayerNorm): LayerNorm((768,), eps=1e-05, elementwise_affine=True)\n",
       "            (dropout): Dropout(p=0.1, inplace=False)\n",
       "          )\n",
       "        )\n",
       "        (intermediate): RobertaIntermediate(\n",
       "          (dense): Linear(in_features=768, out_features=3072, bias=True)\n",
       "        )\n",
       "        (output): RobertaOutput(\n",
       "          (dense): Linear(in_features=3072, out_features=768, bias=True)\n",
       "          (LayerNorm): LayerNorm((768,), eps=1e-05, elementwise_affine=True)\n",
       "          (dropout): Dropout(p=0.1, inplace=False)\n",
       "        )\n",
       "      )\n",
       "      (9): RobertaLayer(\n",
       "        (attention): RobertaAttention(\n",
       "          (self): RobertaSelfAttention(\n",
       "            (query): Linear(in_features=768, out_features=768, bias=True)\n",
       "            (key): Linear(in_features=768, out_features=768, bias=True)\n",
       "            (value): Linear(in_features=768, out_features=768, bias=True)\n",
       "            (dropout): Dropout(p=0.1, inplace=False)\n",
       "          )\n",
       "          (output): RobertaSelfOutput(\n",
       "            (dense): Linear(in_features=768, out_features=768, bias=True)\n",
       "            (LayerNorm): LayerNorm((768,), eps=1e-05, elementwise_affine=True)\n",
       "            (dropout): Dropout(p=0.1, inplace=False)\n",
       "          )\n",
       "        )\n",
       "        (intermediate): RobertaIntermediate(\n",
       "          (dense): Linear(in_features=768, out_features=3072, bias=True)\n",
       "        )\n",
       "        (output): RobertaOutput(\n",
       "          (dense): Linear(in_features=3072, out_features=768, bias=True)\n",
       "          (LayerNorm): LayerNorm((768,), eps=1e-05, elementwise_affine=True)\n",
       "          (dropout): Dropout(p=0.1, inplace=False)\n",
       "        )\n",
       "      )\n",
       "      (10): RobertaLayer(\n",
       "        (attention): RobertaAttention(\n",
       "          (self): RobertaSelfAttention(\n",
       "            (query): Linear(in_features=768, out_features=768, bias=True)\n",
       "            (key): Linear(in_features=768, out_features=768, bias=True)\n",
       "            (value): Linear(in_features=768, out_features=768, bias=True)\n",
       "            (dropout): Dropout(p=0.1, inplace=False)\n",
       "          )\n",
       "          (output): RobertaSelfOutput(\n",
       "            (dense): Linear(in_features=768, out_features=768, bias=True)\n",
       "            (LayerNorm): LayerNorm((768,), eps=1e-05, elementwise_affine=True)\n",
       "            (dropout): Dropout(p=0.1, inplace=False)\n",
       "          )\n",
       "        )\n",
       "        (intermediate): RobertaIntermediate(\n",
       "          (dense): Linear(in_features=768, out_features=3072, bias=True)\n",
       "        )\n",
       "        (output): RobertaOutput(\n",
       "          (dense): Linear(in_features=3072, out_features=768, bias=True)\n",
       "          (LayerNorm): LayerNorm((768,), eps=1e-05, elementwise_affine=True)\n",
       "          (dropout): Dropout(p=0.1, inplace=False)\n",
       "        )\n",
       "      )\n",
       "      (11): RobertaLayer(\n",
       "        (attention): RobertaAttention(\n",
       "          (self): RobertaSelfAttention(\n",
       "            (query): Linear(in_features=768, out_features=768, bias=True)\n",
       "            (key): Linear(in_features=768, out_features=768, bias=True)\n",
       "            (value): Linear(in_features=768, out_features=768, bias=True)\n",
       "            (dropout): Dropout(p=0.1, inplace=False)\n",
       "          )\n",
       "          (output): RobertaSelfOutput(\n",
       "            (dense): Linear(in_features=768, out_features=768, bias=True)\n",
       "            (LayerNorm): LayerNorm((768,), eps=1e-05, elementwise_affine=True)\n",
       "            (dropout): Dropout(p=0.1, inplace=False)\n",
       "          )\n",
       "        )\n",
       "        (intermediate): RobertaIntermediate(\n",
       "          (dense): Linear(in_features=768, out_features=3072, bias=True)\n",
       "        )\n",
       "        (output): RobertaOutput(\n",
       "          (dense): Linear(in_features=3072, out_features=768, bias=True)\n",
       "          (LayerNorm): LayerNorm((768,), eps=1e-05, elementwise_affine=True)\n",
       "          (dropout): Dropout(p=0.1, inplace=False)\n",
       "        )\n",
       "      )\n",
       "    )\n",
       "  )\n",
       ")"
      ]
     },
     "execution_count": 9,
     "metadata": {},
     "output_type": "execute_result"
    }
   ],
   "source": [
    "model.net.roberta"
   ]
  },
  {
   "cell_type": "code",
   "execution_count": 22,
   "metadata": {},
   "outputs": [],
   "source": [
    "import torch\n",
    "from sklearn.manifold import TSNE \n",
    "import pandas as pd\n",
    "import numpy as np"
   ]
  },
  {
   "cell_type": "code",
   "execution_count": 51,
   "metadata": {},
   "outputs": [],
   "source": [
    "embeddings = np.load(\"./viz/feature_domain_0.npy\")\n",
    "y = np.load(\"./viz/label_domain_0.npy\")"
   ]
  },
  {
   "cell_type": "code",
   "execution_count": 52,
   "metadata": {},
   "outputs": [
    {
     "data": {
      "text/plain": [
       "(1007, 768)"
      ]
     },
     "execution_count": 52,
     "metadata": {},
     "output_type": "execute_result"
    }
   ],
   "source": [
    "embeddings.shape"
   ]
  },
  {
   "cell_type": "code",
   "execution_count": 56,
   "metadata": {},
   "outputs": [
    {
     "name": "stdout",
     "output_type": "stream",
     "text": [
      "[[0.99999994 0.99837178 0.99721825 0.99672222 0.99926275 0.99726665\n",
      "  0.99728036 0.99907631 0.99745136 0.99729651 0.99731195 0.99929982\n",
      "  0.99703979 0.99869686 0.99812156 0.99810863]\n",
      " [0.99837178 1.         0.99538362 0.99452037 0.99741781 0.99584275\n",
      "  0.996104   0.99782848 0.99430263 0.99673289 0.99539977 0.99824744\n",
      "  0.99490863 0.99595326 0.99638289 0.99579191]\n",
      " [0.99721825 0.99538362 0.99999994 0.99914157 0.99703568 0.99162883\n",
      "  0.99808097 0.99645835 0.99779326 0.99843866 0.99936843 0.99657518\n",
      "  0.99426836 0.99713421 0.99405462 0.99792892]\n",
      " [0.99672222 0.99452037 0.99914157 1.         0.99690861 0.99111784\n",
      "  0.99774611 0.99575096 0.99805611 0.99830067 0.9989599  0.99558473\n",
      "  0.99389076 0.99750936 0.99355    0.9979614 ]\n",
      " [0.99926275 0.99741781 0.99703568 0.99690861 1.00000012 0.99790817\n",
      "  0.9966855  0.99857926 0.99777895 0.996916   0.99743325 0.99890971\n",
      "  0.99778008 0.99890292 0.99847126 0.9983573 ]\n",
      " [0.99726665 0.99584275 0.99162883 0.99111784 0.99790817 1.\n",
      "  0.99208367 0.9971754  0.99379194 0.99180406 0.9924432  0.99786228\n",
      "  0.99723363 0.99601805 0.99902093 0.99457753]\n",
      " [0.99728036 0.996104   0.99808097 0.99774611 0.9966855  0.99208367\n",
      "  1.         0.99650174 0.99623007 0.99765891 0.99750131 0.99647522\n",
      "  0.99253744 0.99608481 0.99431294 0.99732345]\n",
      " [0.99907631 0.99782848 0.99645835 0.99575096 0.99857926 0.9971754\n",
      "  0.99650174 1.         0.99674904 0.99598229 0.99617374 0.99887383\n",
      "  0.99699485 0.9978137  0.99788642 0.99693638]\n",
      " [0.99745136 0.99430263 0.99779326 0.99805611 0.99777895 0.99379194\n",
      "  0.99623007 0.99674904 1.00000012 0.99664146 0.99800313 0.99661446\n",
      "  0.99661982 0.99858963 0.99534047 0.9979614 ]\n",
      " [0.99729651 0.99673289 0.99843866 0.99830067 0.996916   0.99180406\n",
      "  0.99765891 0.99598229 0.99664146 1.         0.99852568 0.99626672\n",
      "  0.99380577 0.99700201 0.99392945 0.9974637 ]\n",
      " [0.99731195 0.99539977 0.99936843 0.9989599  0.99743325 0.9924432\n",
      "  0.99750131 0.99617374 0.99800313 0.99852568 1.         0.99663985\n",
      "  0.9952333  0.99752271 0.99443513 0.99805427]\n",
      " [0.99929982 0.99824744 0.99657518 0.99558473 0.99890971 0.99786228\n",
      "  0.99647522 0.99887383 0.99661446 0.99626672 0.99663985 1.\n",
      "  0.99742085 0.99765676 0.99827713 0.99684614]\n",
      " [0.99703979 0.99490863 0.99426836 0.99389076 0.99778008 0.99723363\n",
      "  0.99253744 0.99699485 0.99661982 0.99380577 0.9952333  0.99742085\n",
      "  1.00000012 0.99709219 0.99745846 0.99554342]\n",
      " [0.99869686 0.99595326 0.99713421 0.99750936 0.99890292 0.99601805\n",
      "  0.99608481 0.9978137  0.99858963 0.99700201 0.99752271 0.99765676\n",
      "  0.99709219 1.         0.99726427 0.99854642]\n",
      " [0.99812156 0.99638289 0.99405462 0.99355    0.99847126 0.99902093\n",
      "  0.99431294 0.99788642 0.99534047 0.99392945 0.99443513 0.99827713\n",
      "  0.99745846 0.99726427 1.         0.99638456]\n",
      " [0.99810863 0.99579191 0.99792892 0.9979614  0.9983573  0.99457753\n",
      "  0.99732345 0.99693638 0.9979614  0.9974637  0.99805427 0.99684614\n",
      "  0.99554342 0.99854642 0.99638456 1.00000012]] [[0.         0.27526179 0.3593241  0.38990372 0.18662694 0.36441255\n",
      "  0.35551053 0.20814581 0.3447744  0.35410443 0.35408065 0.18030652\n",
      "  0.37495351 0.2477684  0.3009834  0.29792219]\n",
      " [0.27526179 0.         0.46331906 0.50461304 0.34757724 0.44636396\n",
      "  0.42590651 0.3184801  0.51550496 0.38975999 0.46323746 0.28557914\n",
      "  0.4901433  0.4352251  0.4144474  0.44369504]\n",
      " [0.3593241  0.46331906 0.         0.19950378 0.37247843 0.63106745\n",
      "  0.29872021 0.40659928 0.32088527 0.2690123  0.17222372 0.39868265\n",
      "  0.5201351  0.36657584 0.53058684 0.31179398]\n",
      " [0.38990372 0.50461304 0.19950378 0.         0.38051277 0.65005958\n",
      "  0.32295707 0.44529361 0.30138955 0.28040656 0.22096868 0.4524743\n",
      "  0.53705877 0.34216148 0.55266887 0.30967698]\n",
      " [0.18662694 0.34757724 0.37247843 0.38051277 0.         0.31744468\n",
      "  0.39518967 0.25789982 0.3223947  0.38011873 0.34656411 0.2265058\n",
      "  0.3240042  0.22679603 0.26993203 0.27745748]\n",
      " [0.36441255 0.44636396 0.63106745 0.65005958 0.31744468 0.\n",
      "  0.61569691 0.36833677 0.54367691 0.62484819 0.5993551  0.32374477\n",
      "  0.36305526 0.43585759 0.21626703 0.50807947]\n",
      " [0.35551053 0.42590651 0.29872021 0.32295707 0.39518967 0.61569691\n",
      "  0.         0.40514174 0.41990238 0.32898167 0.34277731 0.40436167\n",
      "  0.59399766 0.4294681  0.52098548 0.35610569]\n",
      " [0.20814581 0.3184801  0.40659928 0.44529361 0.25789982 0.36833677\n",
      "  0.40514174 0.         0.38978076 0.43306088 0.42286775 0.229715\n",
      "  0.37684435 0.3200579  0.31714836 0.3787697 ]\n",
      " [0.3447744  0.51550496 0.32088527 0.30138955 0.3223947  0.54367691\n",
      "  0.41990238 0.38978076 0.         0.39575881 0.30538106 0.39729658\n",
      "  0.39965963 0.25714239 0.46960801 0.30897346]\n",
      " [0.35410443 0.38975999 0.2690123  0.28040656 0.38011873 0.62484819\n",
      "  0.32898167 0.43306088 0.39575881 0.         0.26280007 0.41604325\n",
      "  0.54080617 0.37518513 0.53642529 0.34516856]\n",
      " [0.35408065 0.46323746 0.17222372 0.22096868 0.34656411 0.5993551\n",
      "  0.34277731 0.42286775 0.30538106 0.26280007 0.         0.39580774\n",
      "  0.47420985 0.34065926 0.51295316 0.30186316]\n",
      " [0.18030652 0.28557914 0.39868265 0.4524743  0.2265058  0.32374477\n",
      "  0.40436167 0.229715   0.39729658 0.41604325 0.39580774 0.\n",
      "  0.35037512 0.33157909 0.28866994 0.38427562]\n",
      " [0.37495351 0.4901433  0.5201351  0.53705877 0.3240042  0.36305526\n",
      "  0.59399766 0.37684435 0.39965963 0.54080617 0.47420985 0.35037512\n",
      "  0.         0.37055454 0.34692398 0.45851654]\n",
      " [0.2477684  0.4352251  0.36657584 0.34216148 0.22679603 0.43585759\n",
      "  0.4294681  0.3200579  0.25714239 0.37518513 0.34065926 0.33157909\n",
      "  0.37055454 0.         0.36007237 0.26107666]\n",
      " [0.3009834  0.4144474  0.53058684 0.55266887 0.26993203 0.21626703\n",
      "  0.52098548 0.31714836 0.46960801 0.53642529 0.51295316 0.28866994\n",
      "  0.34692398 0.36007237 0.         0.4137111 ]\n",
      " [0.29792219 0.44369504 0.31179398 0.30967698 0.27745748 0.50807947\n",
      "  0.35610569 0.3787697  0.30897346 0.34516856 0.30186316 0.38427562\n",
      "  0.45851654 0.26107666 0.4137111  0.        ]]\n",
      "0.6500595808029175 0.17222371697425842 0.3542696289950982\n"
     ]
    }
   ],
   "source": [
    "class_embeddings = [[] for i in range(16)]\n",
    "for i in range(len(embeddings)):\n",
    "    class_embeddings[y[i]].append(embeddings[i])\n",
    "\n",
    "for i in range(16):\n",
    "    class_embeddings[i] = np.array(class_embeddings[i])\n",
    "    class_embeddings[i] = class_embeddings[i].mean(axis=0)\n",
    "\n",
    "# get distance matrix\n",
    "l2_dist_matrix = np.zeros((16, 16))\n",
    "cos_dist_matrix = np.zeros((16, 16))\n",
    "for i in range(16):\n",
    "    for j in range(16):\n",
    "        if class_embeddings[i] is None or class_embeddings[j] is None:\n",
    "            l2_dist_matrix[i, j] = -1\n",
    "            cos_dist_matrix[i, j] = -1\n",
    "            continue\n",
    "        l2_dist_matrix[i][j] = np.linalg.norm(class_embeddings[i] - class_embeddings[j])\n",
    "        cos_dist_matrix[i][j] = np.dot(class_embeddings[i], class_embeddings[j]) / (np.linalg.norm(class_embeddings[i]) * np.linalg.norm(class_embeddings[j]))\n",
    "\n",
    "print(cos_dist_matrix, l2_dist_matrix)\n",
    "max_l2_dist = np.max(l2_dist_matrix)\n",
    "real_dist = l2_dist_matrix[l2_dist_matrix != 0]\n",
    "min_l2_dist = np.min(real_dist)\n",
    "mean_l2_dist = np.mean(l2_dist_matrix)\n",
    "print(max_l2_dist, min_l2_dist, mean_l2_dist)\n",
    "\n",
    "\n",
    "# do same for cosine distance\n",
    "max_cos_dist = np.max(cos_dist_matrix)\n",
    "real_dist = cos_dist_matrix[cos_dist_matrix != 0]\n",
    "min_cos_dist = np.min(real_dist)\n",
    "mean_cos_dist = np.mean(cos_dist_matrix)\n",
    "print(max_cos_dist, min_cos_dist, mean_cos_dist)\n",
    "\n",
    "# append to df\n",
    "df = pd.read_csv(\"./viz/dist_matrix.csv\")\n",
    "log_name = \"bertweet-covid19-base-cased_random_0\"\n",
    "df.loc[len(df)] = [log_name, max_l2_dist, min_l2_dist, mean_l2_dist, max_cos_dist, min_cos_dist, mean_cos_dist]"
   ]
  },
  {
   "cell_type": "code",
   "execution_count": 38,
   "metadata": {},
   "outputs": [
    {
     "data": {
      "text/plain": [
       "array([ 6.37468472e-02, -2.39061769e-02,  6.82541803e-02, -3.18845250e-02,\n",
       "        1.66694522e-01,  3.85145873e-01,  1.97373610e-02, -3.01523749e-02,\n",
       "       -1.04211502e-01, -1.14099376e-01,  4.91853319e-02,  2.88651437e-02,\n",
       "        6.47004992e-02, -4.53763276e-01,  3.63526754e-02,  5.42971849e-01,\n",
       "       -1.82647243e-01,  1.45558730e-01, -1.92804694e-01, -3.49248014e-03,\n",
       "       -4.35997136e-02,  6.31476641e-02, -6.22512214e-02, -6.90753013e-02,\n",
       "        3.48947719e-02, -4.14513946e-01,  6.36173971e-03,  9.82955992e-02,\n",
       "        6.01895154e-02, -4.59731698e-01, -5.89244254e-03, -6.08128905e-02,\n",
       "        3.50111604e-01,  2.52718776e-01,  6.10442869e-02,  3.22756737e-01,\n",
       "       -6.89632669e-02,  2.12446406e-01, -2.22175568e-02,  2.88198978e-01,\n",
       "        4.74501438e-02, -3.03783536e-01,  2.98574120e-01, -1.21863306e-01,\n",
       "       -1.43006459e-01, -5.68592437e-02,  1.99230924e-01,  9.75138173e-02,\n",
       "        3.22396867e-02, -1.01615615e-01,  1.01355754e-01, -8.49611834e-02,\n",
       "        2.96093136e-01, -1.50673136e-01,  5.12432791e-02, -3.61873418e-01,\n",
       "        1.70827303e-02, -2.53894597e-01,  2.09636673e-01, -3.68421555e-01,\n",
       "       -1.99812248e-01, -3.94429825e-02, -6.19939864e-02,  1.65875420e-01,\n",
       "        8.60291794e-02, -1.07229955e-01, -2.41192162e-01, -1.56787977e-01,\n",
       "        1.14771359e-01,  9.02589783e-02, -1.71206430e-01, -1.36670589e-01,\n",
       "       -1.30050227e-01,  2.22311273e-01, -2.91636419e-02, -1.17472552e-01,\n",
       "       -9.34294760e-02,  1.30202889e-01, -3.13097239e-02, -3.36154290e-02,\n",
       "        1.37184694e-01, -2.20728099e-01,  3.58585954e-01, -1.06942110e-01,\n",
       "        5.65202050e-02, -2.82654524e-01, -1.18385844e-01,  1.32830039e-01,\n",
       "        2.95606524e-01,  2.68235266e-01, -1.70207098e-01, -7.10835382e-02,\n",
       "        2.46000569e-02, -2.15501413e-01, -3.25445116e-01,  7.26746693e-02,\n",
       "        1.37831911e-01, -3.60680260e-02, -1.96703091e-01, -2.56245378e-02,\n",
       "       -8.76952186e-02,  1.31572757e-04,  8.90581235e-02, -5.79134263e-02,\n",
       "       -4.53636535e-02, -3.65240961e-01, -2.85893261e-01,  1.65154815e-01,\n",
       "       -3.09717417e-01, -5.26345102e-03,  1.06697278e-02, -9.12482440e-02,\n",
       "       -8.58252272e-02,  6.48644790e-02, -6.99129626e-02, -3.58794123e-01,\n",
       "       -1.03986584e-01, -2.54190922e-01,  2.06954647e-02,  1.12042145e-03,\n",
       "       -1.45143298e-02,  1.48084005e-02,  1.35832103e-02,  3.59831862e-02,\n",
       "        7.17331022e-02,  1.31858429e-02,  2.23019406e-01,  4.95452993e-02,\n",
       "        4.92654771e-01,  2.31636226e-01,  1.88769937e-01,  4.64926958e-01,\n",
       "        2.70598084e-02,  1.29032493e-01,  1.40650094e-01, -1.55220181e-02,\n",
       "       -3.39987352e-02, -1.48223013e-01, -1.01414539e-01,  1.33716956e-01,\n",
       "       -5.37354164e-02,  6.32827580e-02,  2.19419345e-01, -8.74584615e-02,\n",
       "        1.73217490e-01,  3.53256255e-01, -5.15353382e-02, -1.26071811e-01,\n",
       "       -1.35398403e-01, -1.85891595e-02,  2.26995274e-01,  1.38416186e-01,\n",
       "        2.52905791e-03,  5.18370531e-02,  3.77048731e-01,  3.64242911e-01,\n",
       "        2.73257941e-01, -1.07470095e-01, -2.23406807e-01,  6.74245059e-02,\n",
       "        1.61816999e-01,  3.07273179e-01, -2.25598320e-01, -1.29363239e-01,\n",
       "       -1.46915093e-01,  1.60962209e-01,  3.21578793e-02,  1.44256959e-02,\n",
       "       -3.17512006e-01,  6.64133057e-02,  1.65663585e-01, -1.69903040e-01,\n",
       "        1.12656713e-01, -1.86615193e-03, -2.60862857e-01, -7.86947533e-02,\n",
       "        1.61050603e-01,  1.21813588e-01,  2.08972707e-01,  2.79657036e-01,\n",
       "        4.78139073e-01, -4.39243652e-02, -1.31026149e-01,  8.93268213e-02,\n",
       "        7.85155892e-02, -2.25072920e-01, -2.60564536e-02,  1.99015722e-01,\n",
       "        1.58526704e-01, -1.85813904e-01,  1.17186092e-01, -3.12449187e-01,\n",
       "       -3.99727970e-02,  1.22440018e-01,  1.21087514e-01,  1.73280597e-01,\n",
       "       -1.47955164e-01, -3.06402203e-02, -4.92809154e-02, -9.81402993e-02,\n",
       "       -2.17029378e-02,  2.00541899e-01,  1.41330406e-01,  1.21979930e-01,\n",
       "       -4.18918401e-01,  9.25047174e-02,  2.70201951e-01,  2.37153694e-01,\n",
       "       -2.45213643e-01,  1.97276294e-01, -9.44759324e-02,  2.08110347e-01,\n",
       "        2.75621805e-02, -8.09593722e-02, -1.89203456e-01, -8.70590582e-02,\n",
       "        7.46067464e-02, -4.95591424e-02,  2.64966916e-02, -1.76730990e-01,\n",
       "       -1.20418638e-01,  2.34322786e-01,  1.37636542e-01,  2.38448933e-01,\n",
       "        1.24034911e-01, -2.61962622e-01, -1.12022348e-01, -4.25913334e-01,\n",
       "       -5.49491346e-02, -2.53578931e-01,  6.16510361e-02,  6.42070770e-02,\n",
       "       -2.40659732e-02,  6.34544194e-02, -9.77945030e-02,  2.09525183e-01,\n",
       "        1.86061356e-02, -1.12636507e-01,  2.24499166e-01, -5.96356429e-02,\n",
       "        1.11379981e-01,  1.15113474e-01, -3.94680761e-02,  2.34206811e-01,\n",
       "       -4.28549200e-01, -1.24348976e-01, -1.14771230e-02,  2.00851098e-01,\n",
       "       -4.44532074e-02,  6.33837506e-02, -1.06597990e-01, -2.74953246e-02,\n",
       "       -1.46243587e-01,  7.43519738e-02, -7.73364902e-02, -1.28929973e-01,\n",
       "       -1.14272781e-01,  4.07377034e-02, -1.03861474e-01, -1.75276563e-01,\n",
       "        2.43853312e-02,  1.71208158e-02, -3.03589255e-01, -9.93441567e-02,\n",
       "       -1.03370130e-01,  3.49488488e-04,  2.56921202e-01,  1.81243047e-01,\n",
       "       -9.94310901e-02, -1.52174458e-01,  1.39380237e-02, -3.75180513e-01,\n",
       "        2.51847893e-01, -1.45858005e-02,  9.18634608e-02, -4.46401257e-03,\n",
       "        3.86072025e-02,  4.93505038e-02,  1.33190432e-03, -2.88290549e-02,\n",
       "       -7.59141520e-02, -2.38387525e-01, -1.74677894e-01, -6.46796077e-02,\n",
       "       -2.36289501e-01,  2.97286093e-01, -5.87428324e-02,  1.27111018e-01,\n",
       "        1.01361789e-01,  2.21463665e-02, -2.67515685e-02, -2.85376400e-01,\n",
       "       -1.81422487e-01,  1.41186684e-01,  1.52799161e-02, -1.75929010e-01,\n",
       "       -1.05044663e-01,  9.23490059e-03, -4.11864184e-02,  1.23358347e-01,\n",
       "        1.27343193e-01,  1.68867931e-01,  2.50977457e-01, -5.06358482e-02,\n",
       "        8.35486036e-03, -1.62072018e-01, -3.23286988e-02,  1.31204143e-01,\n",
       "        9.66000278e-03, -1.55106291e-01, -9.80358645e-02,  2.03142881e-01,\n",
       "        6.06873818e-02,  3.87082130e-01,  6.18010424e-02, -1.45867005e-01,\n",
       "       -1.69456139e-01,  3.53113413e-01,  1.21608891e-01, -1.08658552e-01,\n",
       "       -4.95479107e-02,  1.79403145e-02, -8.30101743e-02,  1.24543832e-04,\n",
       "       -2.43127961e-05,  1.22505659e-02, -1.25485659e-02, -1.50592387e-01,\n",
       "        1.11643113e-01, -1.23577388e-02,  8.44204053e-02, -4.16455343e-02,\n",
       "       -2.21098840e-01, -3.18743616e-01,  1.24095030e-01, -7.89019093e-02,\n",
       "       -1.74967602e-01,  9.41577256e-02,  1.87006772e-01,  2.19079569e-01,\n",
       "       -3.51500750e-01, -1.37523469e-03, -8.64951238e-02, -1.85636565e-01,\n",
       "        2.68329233e-01, -2.32056215e-01, -1.25278309e-01, -2.42376700e-02,\n",
       "        1.46757662e-02, -2.94452935e-01,  3.10358375e-01, -1.08229769e-02,\n",
       "       -1.30284177e-02,  4.36920524e-02, -2.01442558e-02,  2.70814568e-01,\n",
       "        1.35803133e-01, -2.79108375e-01, -3.72797959e-02, -1.95816472e-01,\n",
       "       -2.87641376e-01, -1.70461938e-01, -4.06652778e-01,  2.66276926e-01,\n",
       "       -1.39069363e-01,  6.43227473e-02, -1.02362394e-01,  1.04846418e-01,\n",
       "        2.73422390e-01, -2.62351800e-02, -9.35505889e-03,  1.45913973e-01,\n",
       "        2.27913961e-01, -1.68234944e-01,  8.83937851e-02, -1.91696510e-01,\n",
       "       -2.71261275e-01, -4.41942662e-02,  1.39881253e-01,  1.32319540e-01,\n",
       "        2.88475275e-01,  8.77835453e-02, -3.03428739e-01, -1.76186040e-01,\n",
       "       -6.86739907e-02,  4.67092007e-01,  2.39468098e-01,  4.60861355e-01,\n",
       "        1.25088677e-01, -1.52906865e-01, -1.33607507e-01, -1.81663081e-01,\n",
       "       -2.90670007e-01, -2.50090986e-01, -7.44238123e-02, -1.41348884e-01,\n",
       "       -1.73338696e-01,  9.28370953e-02, -1.67932346e-01,  3.00050795e-01,\n",
       "        1.31650502e-02,  1.68851927e-01, -9.60601568e-02,  1.61116257e-01,\n",
       "        1.18348993e-01,  2.46788070e-01, -5.50228618e-02, -1.52914122e-01,\n",
       "        8.15828294e-02,  2.08219290e-01, -7.02623948e-02, -4.51808684e-02,\n",
       "        3.92747149e-02,  1.17501788e-01, -1.72227666e-01,  9.70127583e-02,\n",
       "        6.66527078e-02,  8.98966845e-03, -2.76067883e-01,  1.02329649e-01,\n",
       "       -9.98853371e-02, -3.04576546e-01,  2.35448644e-01, -3.73775452e-01,\n",
       "        1.91085473e-01,  3.20975967e-02, -1.45581529e-01, -2.02585891e-01,\n",
       "        3.38450521e-02, -1.92209482e-01, -2.00465441e-01,  1.76544383e-01,\n",
       "       -2.34916508e-01, -1.22666888e-01, -1.77548211e-02, -4.33113188e-01,\n",
       "        2.84938067e-01, -2.87555307e-01,  2.54348963e-01,  2.43153796e-01,\n",
       "       -4.30172794e-02, -1.28966287e-01,  6.27936497e-02, -1.89276114e-01,\n",
       "       -1.84390262e-01,  7.74340853e-02, -5.44079989e-02,  1.15869142e-01,\n",
       "       -1.23910926e-01, -1.75287053e-02,  2.90591449e-01,  1.06581271e-01,\n",
       "       -4.87907119e-02,  9.63041112e-02, -7.56815970e-02,  3.88588607e-02,\n",
       "        1.79479327e-02,  2.45272025e-01, -1.34765580e-02,  7.95603693e-02,\n",
       "        1.17755495e-01,  5.56861199e-02, -6.62493706e-02, -2.81365961e-03,\n",
       "        4.81645502e-02,  5.04936762e-02, -2.10795984e-01, -1.00867338e-01,\n",
       "       -6.06751405e-02, -2.52551347e-01, -6.27994314e-02, -1.75742865e-01,\n",
       "        2.04752699e-01,  4.05214652e-02, -8.07439014e-02,  1.47411600e-01,\n",
       "        6.79847673e-02,  5.28480262e-02,  1.70524821e-01,  1.64715037e-01,\n",
       "       -3.64345424e-02,  4.91761416e-02,  5.56966523e-03, -1.55171499e-01,\n",
       "        2.50448495e-01,  3.40855569e-02, -2.27920171e-02,  4.14174832e-02,\n",
       "        2.82298803e-01,  3.24573852e-02,  2.56510396e-02,  1.41766429e-01,\n",
